1 0.159949 0.429245 0.163808 0.431389
1 0.280017 0.438250 0.206690 0.509434
0 0.499571 0.791166 0.227273 0.391938
0 0.159949 0.658662 0.124357 0.214408
2 0.595626 0.407804 0.323328 0.153516
2 0.687393 0.655232 0.124357 0.128645
5 0.832333 0.303173 0.180961 0.275300
4 0.620926 0.243997 0.511149 0.275300
3 0.421955 0.175386 0.337907 0.275300
3 0.245712 0.267153 0.139794 0.204974
3 0.143225 0.276158 0.090909 0.181818
3 0.076329 0.285163 0.061750 0.103774
1 0.268868 0.425815 0.215266 0.551458
1 0.135935 0.400943 0.107204 0.443396