5 0.867925 0.733705 0.070326 0.067753
0 0.705832 0.816895 0.145798 0.192967
0 0.225986 0.812178 0.110635 0.162950
0 0.343053 0.867496 0.080617 0.030017
3 0.510720 0.599485 0.191252 0.106346
3 0.594768 0.588336 0.167238 0.104631
3 0.345197 0.588765 0.117496 0.086621
3 0.254717 0.607633 0.075472 0.060892
2 0.140652 0.654374 0.053173 0.080617
2 0.795026 0.703688 0.073756 0.054031
2 0.837050 0.806604 0.034305 0.043739
1 0.512864 0.688250 0.209262 0.304460
1 0.337479 0.683105 0.163808 0.292453
4 0.759434 0.672813 0.256432 0.088336